02
00
0e
20
06
00
0f
20
20
48
00
00
01
00
0a
20
80
00
00
a0
80
00
4a
a1
08
00
e0
11
20
48
2a
01
80
00
c9
a1
01
00
ce
21
20
50
2a
01
80
00
ca
a1
01
00
ce
21
ff
ff
ef
21
06
00
00
08
01
00
00
10
15
00
00
08
ff
00
0e
80
80
00
c2
81
ff
00
02
a0
11
00
00
08
00
00
00
00
00
00
00
00
00
00
00
00
00
00
00
00
00
00
00
00
00
00
00
00
00
00
00
00
00
00
00
00
00
00
00
00
00
00
00
00
00
00
00
00
00
00
00
00
00
00
00
00
00
00
00
00
00
00
00
00
00
00
00
00
00
00
00
00
00
00
00
00
00
00
00
00
00
00
00
00
00
00
00
00
00
00
00
00
00
00
00
00
00
00
00
00
00
00
00
00
00
00
00
00
00
00
00
00
00
00
00
00
00
00
00
00
00
00
00
00
00
00
00
00
00
00
00
00
00
00
00
00
00
00
00
00
00
00
00
00
00
00
00
00
00
00
00
00
00
00
00
00
00
00
00
00
00
00
00
00
00
00
00
00
00
00
00
00
00
00
00
00